# Blender v2.79 (sub 0) OBJ File: 'projects.blend'
# www.blender.org
mtllib projects.mtl
o Left_Bracket.002_Cube.004
v -0.629274 -1.380026 0.275000
v -0.629274 -1.380026 -0.275000
v 0.147183 1.517751 0.275000
v 0.147183 1.517751 -0.275000
v -0.145901 -1.509546 0.275000
v -0.145901 -1.509546 -0.275000
v 0.630556 1.388232 -0.275000
v 0.630556 1.388232 0.275000
vn -0.2588 -0.9659 0.0000
vn -0.0000 0.0000 -1.0000
vn 0.0000 0.0000 1.0000
vn -0.9659 0.2588 0.0000
vn 0.9659 -0.2588 0.0000
vn 0.2588 0.9659 0.0000
usemtl Material
s off
f 5//1 1//1 2//1 6//1
f 6//2 2//2 4//2 7//2
f 8//3 3//3 1//3 5//3
f 4//4 2//4 1//4 3//4
f 8//5 5//5 6//5 7//5
f 3//6 8//6 7//6 4//6
o Left_Bracket.001_Cube.003
v 1.646447 -1.059710 -0.275000
v 2.707107 0.000950 -0.275000
v 1.646447 -1.059710 0.275000
v 2.707107 0.000950 0.275000
v 1.292893 -0.706157 -0.275000
v 1.292893 -0.706157 0.275000
v 2.353253 -0.352904 -0.275000
v 2.353253 -0.352904 0.275000
v 1.999700 0.000649 0.275000
v 1.999699 0.000649 -0.275000
v 1.999700 0.000649 0.275000
v 1.999699 0.000649 -0.275000
v 1.646203 1.061854 -0.275000
v 1.646203 1.061854 0.275000
v 1.292349 0.708000 0.275000
v 1.292349 0.708000 -0.275000
vn -0.7071 -0.7071 0.0000
vn -0.0000 -0.0000 -1.0000
vn -0.7071 0.7071 0.0000
vn 0.0000 0.0000 1.0000
vn 0.7071 0.7071 -0.0000
vn 0.7071 -0.7071 -0.0000
usemtl Material
s off
f 11//7 14//7 13//7 9//7
f 13//8 18//8 15//8 9//8
f 14//9 17//9 18//9 13//9
f 11//10 16//10 17//10 14//10
f 16//10 12//10 22//10 23//10
f 18//10 17//10 19//10 20//10
f 21//9 24//9 23//9 22//9
f 15//8 24//8 21//8 10//8
f 20//7 19//7 23//7 24//7
f 10//11 21//11 22//11 12//11
f 11//12 9//12 10//12 12//12
o Left_Bracket_Cube.002
v -1.646447 -1.059710 0.275000
v -2.707107 0.000950 0.275000
v -1.646447 -1.059710 -0.275000
v -2.707107 0.000950 -0.275000
v -1.292893 -0.706157 0.275000
v -1.292893 -0.706157 -0.275000
v -2.353253 -0.352904 0.275000
v -2.353253 -0.352904 -0.275000
v -1.999700 0.000649 -0.275000
v -1.999700 0.000649 0.275000
v -1.999700 0.000649 -0.275000
v -1.999700 0.000649 0.275000
v -1.646203 1.061854 0.275000
v -1.646203 1.061854 -0.275000
v -1.292349 0.708000 -0.275000
v -1.292349 0.708000 0.275000
vn -0.7071 -0.7071 0.0000
vn -0.7071 0.7071 0.0000
vn 0.7071 -0.7071 0.0000
vn 0.0000 0.0000 1.0000
vn 0.7071 0.7071 0.0000
vn 0.0000 0.0000 -1.0000
usemtl Material
s off
f 31//13 26//13 28//13 32//13
f 26//14 37//14 38//14 28//14
f 27//15 30//15 29//15 25//15
f 29//16 34//16 31//16 25//16
f 30//17 33//17 34//17 29//17
f 27//18 32//18 33//18 30//18
f 25//13 31//13 32//13 27//13
f 38//18 39//18 32//18 28//18
f 31//16 40//16 37//16 26//16
f 34//16 33//16 35//16 36//16
f 37//17 40//17 39//17 38//17
f 36//15 35//15 39//15 40//15
